0.795996
0.873220
0.889404
0.897896
0.905212
0.905192
0.905562
0.906918
0.906081
0.904122
0.907699
0.907900
0.905751
0.904033
0.906317
0.906111
0.904198
0.909309
0.905945
0.904143
0.908142
0.905650
0.904422
0.903691
0.906377
0.904430
0.907410
0.907682
0.906145
0.905335
0.908716
0.905281
0.906497
0.904732
0.905845
0.908884
0.908438
0.908183
0.908445
0.908251
0.905329
0.911048
0.908974
0.905201
0.906922
0.907058
0.904953
0.905404
0.904764
0.904786
0.906190
0.905609
0.905757
0.906657
0.908175
0.904813
0.906134
0.906991
0.908203
0.904221
0.909609
0.908386
0.905298
0.906821
0.906062
0.905529
0.907476
0.907355
0.906987
0.906526
0.903232
0.907080
0.904618
0.905945
0.905250
0.905996
0.910671
0.907229
0.906062
0.905507
0.907750
0.905469
0.907171
0.902938
0.904545
0.908308
0.904155
0.906571
0.908733
0.908275
0.909006
0.905212
0.907187
0.908261
0.906181
0.906798
0.903218
0.906565
0.906650
0.907637
0.909739
0.906189
0.907162
0.909813
0.909111
0.906174
0.904898
0.906737
0.908254
0.906333
0.907244
0.906419
0.903870
0.904223
0.905938
0.907044
0.906258
0.905788
0.907856
0.908423
0.906133
0.906639
0.907346
0.908498
0.906804
0.904708
0.907542
0.908286
0.908528
0.906033
0.904408
0.905057
0.905844
0.906961
0.905649
0.907551
0.906532
0.904351
0.906888
0.906280
0.907070
0.907160
0.908997
0.905666
0.908129
0.904588
0.908777
0.909327
0.906634
0.905984
0.908707
0.902492
0.905318
0.905662
0.910021
0.904630
0.908336
0.907970
0.906118
0.905957
0.906059
0.905387
0.905666
0.906290
0.908742
0.906429
0.906688
0.904864
0.907575
0.905806
0.909195
0.905094
0.906540
0.906273
0.907009
0.905402
0.906034
0.908275
0.908861
0.903735
0.907126
0.906956
0.905439
0.904264
0.902717
0.905619
0.905667
0.906461
0.907202
0.906729
0.908054
0.907514
0.908336
0.906176
0.902349
0.906016
0.910900
0.907523
0.905170
0.908979
0.907702
0.908701
0.907153
0.906258
0.907127
0.906543
0.908225
0.905353
0.905002
0.905057
0.905885
0.907305
0.906373
0.905629
0.906769
0.907830
0.906000
0.905662
0.908642
0.907875
0.904568
0.906531
0.908586
0.907821
0.905234
0.908023
0.909837
0.904190
0.905012
0.905888
0.905635
0.909315
0.909853
0.907022
0.905423
0.906990
0.905796
0.904586
0.908567
0.904933
0.906205
0.907755
0.906806
0.907275
0.908509
0.906440
0.909868
0.908532
0.904170
0.906254
0.911287
0.905044
0.907935
0.904152
0.908131
0.908307
0.903439
0.904485
0.906232
0.907831
0.906524
0.906001
0.906152
0.906678
0.906577
0.903573
0.909024
0.908326
0.903797
0.904803
0.907380
0.910151
0.907223
0.903523
0.908189
0.903013
0.905863
0.906034
0.907714
0.905377
0.905507
0.907248
0.908338
0.907368
0.902778
0.904656
0.906229
0.907509
0.905769
0.903835
0.907922
0.907613
0.905026
0.908346
0.908071
0.904848
0.905429
0.904393
0.908877
0.908700
0.905077
0.908285
0.907805
0.906596
0.905009
0.907586
0.909717
0.908114
0.908634
0.906965
0.907819
0.909355
0.910115
0.906591
0.905718
0.904472
0.906347
0.906211
0.906118
0.905267
0.909168
0.904221
0.908237
0.907610
0.905169
0.907380
0.907156
0.907949
0.903733
0.905896
0.906948
0.906083
0.907964
0.905022
0.907154
0.904922
0.907822
0.904173
0.904061
0.907850
0.907947
0.902063
0.908292
0.903279
0.904128
0.908279
0.905034
0.906309
0.905324
0.908496
0.906913
0.908758
0.908559
0.904369
0.906654
0.907046
0.908613
0.907835
0.906196
0.908120
0.906439
0.903963
0.906170
0.904879
0.906133
0.907500
0.904899
0.906311
0.905640
0.906783
0.907800
0.905211
0.908148
0.909045
0.909423
0.909930
0.906122
0.902553
0.907533
0.908665
0.904656
0.906734
0.907079
0.908779
0.905483
0.907037
0.903599
0.904405
0.909488
0.908110
0.909419
0.905059
0.907654
0.905817
0.905476
0.907267
0.907420
0.905758
0.906734
0.906011
0.903633
0.907765
0.905094
0.905200
0.911290
0.906012
0.907457
0.906619
0.911492
0.908117
0.906235
0.905964
0.905547
0.906035
0.909181
0.904399
0.906505
0.904564
0.902988
0.906200
0.910917
0.907142
0.907043
0.904753
0.905164
0.908002
0.908912
0.908828
0.906906
0.906951
0.906134
0.904807
0.905716
0.908056
0.908784
0.906230
0.906416
0.905350
0.903978
0.903913
0.908326
0.906009
0.908876
0.906479
0.906640
0.904722
0.907979
0.906010
0.907249
0.905644
0.907848
0.907472
0.906261
0.910997
0.904647
0.903537
0.906308
0.905438
0.909594
0.908127
0.907346
0.908421
0.904338
0.904148
0.910248
0.904521
0.906214
0.905200
0.907627
0.905331
0.906115
0.905841
0.908513
0.908853
0.903941
0.906075
0.903656
0.904865
0.903114
0.908376
0.906533
0.905757
0.904459
0.905620
0.906020
0.908609
0.907196
0.908954
0.907182
0.905729
0.907619
0.907896
0.909043
0.906097
0.907345
0.905941
0.904487
0.906568
0.906713
0.906908
0.906886
0.908371
0.905394
0.907850
0.906769
0.904927
0.909639
0.906725
0.907579
0.904793
0.905685
0.906242
0.908000
0.905401
0.906183
0.908512
0.904221
0.903187
0.906022
0.905114
0.907850
0.910193
0.905836
0.911438
0.904723
0.907526
0.904868
0.907295
0.906700
0.906409
0.907944
0.905921
0.907141
0.907934
0.910433
0.906687
0.905209
0.907207
0.907742
0.906712
0.908013
0.908417
0.906842
0.908713
0.906806
0.907101
0.906828
0.908084
0.906556
0.906455
